220015001;45;55;68;102
220015002;36;74;72;102
220015003;86;72;93;102
220015004;52;37;91;102
220015005;98;52;56;102
220015006;71;62;94;102
220015007;68;88;66;102
220015008;40;4;62;102
220015009;56;94;71;102
220015010;27;25;18;102
220015011;27;39;31;102
220015012;32;19;90;102
220015013;10;26;42;102
220015014;22;55;62;102
220015015;27;82;61;102
220015016;43;67;91;102
220015017;23;8;88;102
220015018;80;55;46;102
220015019;22;87;54;102
220015020;21;30;52;102
220015021;47;23;85;102
220015022;74;83;51;102
220015023;28;24;79;102
220015024;29;9;71;102
220015025;39;89;58;102
210015001;40;42;108
210015002;87;73;108
210015003;14;43;108
210015004;90;57;108
210015005;53;79;108
210015006;24;3;108
210015007;8;86;108
210015008;19;38;108
210015009;30;16;108
210015010;71;44;108
210015011;84;99;108
210015012;71;62;108
210015013;50;58;108
210015014;45;59;108
210015015;48;47;108
210015016;44;75;108
210015017;57;42;108
210015018;68;41;108
210015019;33;75;108
210015020;59;29;108
210015021;75;77;108
210015022;38;69;108
210015023;0;78;108
210015024;96;92;108
210015025;81;70;108
195001001;3;500
195001002;4;500
195001003;1;500
195001004;5;500
195001005;2;500
195001006;7;500
195001007;2;500
195001008;1;500
195001009;6;500
195001010;7;500